function [ tx_packet, rx_packet , tx_lptot , rx_lptot] ...
        = WiFi_inputs()
%% RX PACKET
    rx_packet=[
   0.0022 + 0.0038i,...
  -0.0005 + 0.0016i,...
  -0.0052 + 0.0012i,...
  -0.0163 + 0.0022i,...
  -0.0138 - 0.0033i,...
   0.0019 + 0.0064i,...
   0.0010 - 0.0036i,...
   0.0023 - 0.0189i,...
   0.0067 - 0.0085i,...
  -0.0024 - 0.0013i,...
  -0.0005 + 0.0061i,...
   0.0007 + 0.0044i,...
  -0.0063 + 0.0025i,...
   0.0052 - 0.0098i,...
   0.0053 - 0.0153i,...
   0.0085 + 0.0143i,...
   0.0150 + 0.0030i,...
  -0.0119 - 0.0181i,...
  -0.0022 - 0.0029i,...
   0.0197 - 0.0047i,...
   0.0019 - 0.0001i,...
  -0.0026 + 0.0056i,...
  -0.0045 - 0.0029i,...
  -0.0055 + 0.0018i,...
   0.0032 + 0.0011i,...
   0.0139 - 0.0027i,...
   0.0168 + 0.0030i,...
  -0.0040 - 0.0021i,...
  -0.0034 + 0.0019i,...
  -0.0009 + 0.0177i,...
  -0.0084 + 0.0105i,...
  -0.0005 + 0.0014i,...
  -0.0044 - 0.0017i,...
   0.0060 - 0.0063i,...
   0.0061 + 0.0008i,...
  -0.0095 - 0.0094i,...
   0.0070 - 0.0112i,...
   0.0020 + 0.0057i,...
  -0.0061 - 0.0081i,...
   0.0004 - 0.0096i,...
  -0.0064 + 0.0025i,...
  -0.0001 - 0.0002i,...
   0.0015 + 0.0040i,...
  -0.0075 + 0.0026i,...
  -0.0100 + 0.0018i,...
  -0.0025 + 0.0062i,...
   0.0014 + 0.0081i,...
  -0.0081 + 0.0005i,...
   0.0026 - 0.0085i,...
   0.0076 + 0.0048i,...
  -0.0066 + 0.0038i,...
  -0.0078 - 0.0048i,...
  -0.0057 + 0.0064i,...
  -0.0031 + 0.0096i,...
  -0.0044 + 0.0029i,...
  -0.0020 - 0.0035i,...
  -0.0003 + 0.0034i,...
   0.0004 + 0.0050i,...
   0.0121 + 0.0013i,...
   0.0009 + 0.0068i,...
  -0.0010 - 0.0065i,...
   0.0150 + 0.0017i,...
   0.0018 + 0.0086i,...
   0.0005 - 0.0106i,...
   0.0070 + 0.0012i,...
  -0.0013 + 0.0038i,...
  -0.0050 - 0.0005i,...
  -0.0159 + 0.0036i,...
  -0.0139 - 0.0034i,...
   0.0018 + 0.0063i,...
   0.0008 - 0.0036i,...
   0.0023 - 0.0189i,...
   0.0067 - 0.0084i,...
  -0.0023 - 0.0012i,...
  -0.0005 + 0.0061i,...
   0.0006 + 0.0044i,...
  -0.0066 + 0.0027i,...
   0.0062 - 0.0093i,...
   0.0040 - 0.0156i,...
   0.0101 + 0.0153i,...
   0.0104 + 0.0028i,...
  -0.0053 - 0.0047i,...
   0.0060 + 0.0055i,...
   0.0102 + 0.0043i,...
   0.0034 - 0.0067i,...
  -0.0010 - 0.0076i,...
  -0.0025 - 0.0004i,...
   0.0124 - 0.0045i,...
   0.0059 + 0.0033i,...
  -0.0006 + 0.0078i,...
  -0.0059 + 0.0030i,...
  -0.0170 + 0.0115i,...
  -0.0076 + 0.0013i,...
  -0.0062 - 0.0093i,...
  -0.0020 + 0.0025i,...
  -0.0045 - 0.0043i,...
  -0.0149 + 0.0036i,...
   0.0003 + 0.0146i,...
  -0.0006 + 0.0009i,...
  -0.0003 + 0.0054i,...
   0.0081 + 0.0065i,...
  -0.0103 + 0.0086i,...
  -0.0111 + 0.0125i,...
  -0.0037 + 0.0002i,...
  -0.0074 - 0.0019i,...
   0.0028 - 0.0119i,...
   0.0054 - 0.0081i,...
   0.0015 + 0.0059i,...
   0.0106 - 0.0006i,...
   0.0037 - 0.0048i,...
  -0.0061 - 0.0112i,...
   0.0012 - 0.0004i,...
   0.0000 + 0.0033i,...
   0.0069 - 0.0077i,...
   0.0060 + 0.0073i,...
  -0.0066 - 0.0004i,...
   0.0094 - 0.0042i,...
   0.0025 + 0.0069i,...
  -0.0161 - 0.0039i,...
   0.0001 + 0.0070i,...
   0.0044 + 0.0090i,...
   0.0022 - 0.0077i,...
   0.0099 - 0.0046i,...
   0.0107 - 0.0003i,...
  -0.0065 - 0.0024i,...
  -0.0153 - 0.0104i,...
   0.0066 - 0.0081i,...
   0.0057 - 0.0004i,...
  -0.0082 + 0.0052i,...
  -0.0018 + 0.0041i,...
   0.0046 - 0.0098i,...
   0.0096 + 0.0047i,...
   0.0049 + 0.0174i,...
   0.0003 - 0.0023i,...
   0.0035 - 0.0103i,...
   0.0080 - 0.0047i,...
   0.0034 - 0.0035i,...
  -0.0121 - 0.0070i,...
  -0.0021 + 0.0071i,...
  -0.0009 + 0.0125i,...
  -0.0055 - 0.0105i,...
   0.0080 - 0.0015i,...
  -0.0044 + 0.0050i,...
   0.0001 - 0.0113i,...
   0.0079 - 0.0034i,...
  -0.0065 - 0.0000i,...
   0.0065 + 0.0017i,...
   0.0104 + 0.0068i,...
   0.0036 - 0.0070i,...
  -0.0010 - 0.0076i,...
  -0.0025 - 0.0003i,...
   0.0124 - 0.0044i,...
   0.0058 + 0.0032i,...
  -0.0003 + 0.0078i,...
  -0.0057 + 0.0031i,...
  -0.0170 + 0.0115i,...
  -0.0072 + 0.0008i,...
  -0.0077 - 0.0094i,...
  -0.0010 + 0.0021i,...
  -0.0063 - 0.0045i,...
  -0.0074 - 0.0011i,...
   0.0010 + 0.0022i,...
  -0.0127 - 0.0037i,...
  -0.0025 - 0.0096i,...
   0.0040 - 0.0036i,...
  -0.0096 + 0.0055i,...
  -0.0036 + 0.0014i,...
   0.0003 - 0.0086i,...
   0.0081 - 0.0014i,...
   0.0042 + 0.0081i,...
  -0.0132 - 0.0013i,...
  -0.0096 - 0.0051i,...
  -0.0039 - 0.0009i,...
   0.0002 + 0.0008i,...
   0.0081 + 0.0047i,...
   0.0079 + 0.0085i,...
   0.0018 + 0.0035i,...
  -0.0050 - 0.0052i,...
  -0.0059 - 0.0096i,...
  -0.0028 - 0.0072i,...
  -0.0006 + 0.0012i,...
   0.0015 + 0.0058i,...
   0.0030 + 0.0140i,...
  -0.0046 + 0.0084i,...
  -0.0054 - 0.0098i,...
   0.0085 - 0.0034i,...
   0.0050 + 0.0023i,...
  -0.0061 + 0.0052i,...
  -0.0030 + 0.0055i,...
   0.0069 - 0.0034i,...
   0.0069 + 0.0109i,...
  -0.0021 + 0.0087i,...
   0.0054 - 0.0066i,...
   0.0039 + 0.0011i,...
   0.0047 + 0.0006i,...
   0.0136 - 0.0020i,...
  -0.0001 - 0.0016i,...
   0.0073 - 0.0004i,...
   0.0032 - 0.0042i,...
  -0.0113 - 0.0086i,...
   0.0067 + 0.0042i,...
  -0.0057 - 0.0004i,...
  -0.0028 - 0.0022i,...
   0.0148 + 0.0085i,...
  -0.0001 - 0.0011i,...
   0.0055 + 0.0015i,...
  -0.0034 + 0.0197i,...
  -0.0090 + 0.0208i,...
   0.0118 - 0.0048i,...
  -0.0061 - 0.0080i,...
  -0.0251 + 0.0074i,...
  -0.0113 - 0.0079i,...
   0.0031 - 0.0036i,...
  -0.0022 - 0.0040i,...
  -0.0030 - 0.0133i,...
   0.0060 + 0.0090i,...
  -0.0041 - 0.0017i,...
   0.0000 - 0.0010i,...
   0.0090 + 0.0120i,...
   0.0016 - 0.0091i,...
   0.0026 - 0.0025i,...
   0.0032 - 0.0035i,...
   0.0024 - 0.0138i,...
  -0.0008 - 0.0019i,...
   0.0031 - 0.0050i,...
   0.0033 - 0.0017i,...
  -0.0134 - 0.0012i,...
  -0.0020 - 0.0105i,...
   0.0031 - 0.0030i,...
  -0.0096 + 0.0054i,...
  -0.0036 + 0.0014i,...
   0.0003 - 0.0086i,...
   0.0081 - 0.0014i,...
   0.0043 + 0.0081i,...
  -0.0131 - 0.0013i,...
  -0.0095 - 0.0051i,...
  -0.0034 - 0.0014i,...
   0.0002 + 0.0018i,...
   0.0084 + 0.0051i,...
   0.0070 + 0.0084i,...
   0.0064 - 0.0001i,...
   0.0050 - 0.0025i,...
   0.0002 + 0.0164i,...
  -0.0093 + 0.0027i,...
  -0.0051 - 0.0108i,...
   0.0013 + 0.0034i,...
   0.0009 - 0.0016i,...
   0.0029 - 0.0075i,...
  -0.0094 - 0.0057i,...
   0.0038 - 0.0069i,...
   0.0111 - 0.0032i,...
  -0.0108 - 0.0048i,...
  -0.0049 - 0.0059i,...
  -0.0103 + 0.0021i,...
  -0.0088 - 0.0005i,...
   0.0183 - 0.0059i,...
   0.0127 - 0.0027i,...
   0.0066 - 0.0155i,...
   0.0080 - 0.0097i,...
  -0.0041 + 0.0146i,...
  -0.0024 + 0.0063i,...
   0.0050 + 0.0103i,...
   0.0026 + 0.0063i,...
   0.0051 - 0.0132i,...
   0.0078 + 0.0062i,...
   0.0047 + 0.0069i,...
   0.0054 - 0.0040i,...
  -0.0022 + 0.0003i,...
   0.0012 - 0.0001i,...
   0.0080 + 0.0088i,...
  -0.0139 + 0.0036i,...
  -0.0103 - 0.0041i,...
   0.0103 - 0.0104i,...
   0.0025 - 0.0081i,...
  -0.0021 + 0.0090i,...
   0.0018 - 0.0077i,...
   0.0024 - 0.0076i,...
  -0.0057 + 0.0025i,...
  -0.0079 - 0.0110i,...
   0.0052 + 0.0047i,...
   0.0018 + 0.0072i,...
  -0.0130 + 0.0020i,...
  -0.0131 + 0.0121i,...
  -0.0026 + 0.0025i,...
  -0.0024 - 0.0010i,...
  -0.0018 - 0.0018i,...
   0.0040 + 0.0027i,...
  -0.0010 + 0.0046i,...
   0.0061 - 0.0073i,...
   0.0047 - 0.0014i,...
  -0.0074 - 0.0003i,...
   0.0006 - 0.0032i,...
   0.0007 + 0.0037i,...
  -0.0008 + 0.0007i,...
  -0.0080 + 0.0050i,...
  -0.0122 + 0.0142i,...
  -0.0021 + 0.0063i,...
  -0.0090 - 0.0076i,...
   0.0027 + 0.0004i,...
   0.0076 + 0.0098i,...
  -0.0025 + 0.0007i,...
   0.0133 - 0.0008i,...
  -0.0010 + 0.0015i,...
  -0.0062 + 0.0009i,...
   0.0139 - 0.0064i,...
   0.0065 - 0.0027i,...
  -0.0005 + 0.0169i,...
  -0.0082 + 0.0027i,...
  -0.0055 - 0.0104i,...
   0.0014 + 0.0035i,...
   0.0010 - 0.0017i,...
   0.0029 - 0.0074i,...
  -0.0094 - 0.0057i,...
   0.0037 - 0.0068i,...
   0.0111 - 0.0032i,...
  -0.0109 - 0.0048i,...
  -0.0048 - 0.0059i,...
  -0.0107 + 0.0035i,...
  -0.0083 - 0.0017i,...
   0.0184 - 0.0055i,...
   0.0144 - 0.0041i,...
   0.0069 + 0.0015i,...
   0.0005 + 0.0144i,...
   0.0072 - 0.0045i,...
   0.0081 - 0.0028i,...
  -0.0041 + 0.0045i,...
  -0.0040 - 0.0062i,...
  -0.0102 + 0.0090i,...
